<?xml version="1.0"?>
<opencv_storage>
<intrinsic type_id="opencv-matrix">
  <rows>3</rows>
  <cols>3</cols>
  <dt>d</dt>
  <data>
    3.3189449700190285e+03 0. 2.9585057655447918e+02 0.
    7.2775626863496373e+03 -1.0488788873140404e+01 0. 0. 1.</data></intrinsic>
<distortion type_id="opencv-matrix">
  <rows>1</rows>
  <cols>5</cols>
  <dt>d</dt>
  <data>
    -4.0038451908943301e+01 2.3238785437464353e+03
    -1.3930085212933276e+00 -2.5719079517221044e-01
    -3.1593589549624045e+04</data></distortion>
</opencv_storage>
