<?xml version="1.0"?>
<opencv_storage>
<intrinsic type_id="opencv-matrix">
  <rows>3</rows>
  <cols>3</cols>
  <dt>d</dt>
  <data>
    3.9089840281738638e+01 0. 2.8274055670131634e+02 0.
    1.3003674285334654e+02 3.1698316657020001e+02 0. 0. 1.</data></intrinsic>
<distortion type_id="opencv-matrix">
  <rows>1</rows>
  <cols>5</cols>
  <dt>d</dt>
  <data>
    -1.0953676601702111e-01 3.8913424992641232e-04
    2.2024549445387762e-02 1.8950271189589113e-01 4.5259477405361813e-06</data></distortion>
</opencv_storage>
