<?xml version="1.0"?>
<opencv_storage>
<intrinsic type_id="opencv-matrix">
  <rows>3</rows>
  <cols>3</cols>
  <dt>d</dt>
  <data>
    1.5559689789766016e+04 0. 3.1035699010142719e+02 0.
    9.6881901922252524e+04 -1.3012167447996819e+02 0. 0. 1.</data></intrinsic>
<distortion type_id="opencv-matrix">
  <rows>1</rows>
  <cols>5</cols>
  <dt>d</dt>
  <data>
    2.6582715313195772e+03 5.4388405249003158e+05
    -2.7883366730448397e+01 6.8484941781129161e+00
    1.0227134395074506e+02</data></distortion>
</opencv_storage>
