<?xml version="1.0"?>
<opencv_storage>
<intrinsic type_id="opencv-matrix">
  <rows>3</rows>
  <cols>3</cols>
  <dt>d</dt>
  <data>
    1.2806600473682051e+03 0. 3.4644813246651222e+02 0.
    1.7861592428994479e+03 1.6268039080291226e+02 0. 0. 1.</data></intrinsic>
<distortion type_id="opencv-matrix">
  <rows>1</rows>
  <cols>5</cols>
  <dt>d</dt>
  <data>
    1.8851396000575246e+01 5.4980075965290951e+02
    -7.6192150055373586e-01 -8.6064861370425982e-01
    -2.4621761170021324e+04</data></distortion>
</opencv_storage>
